0 9
0 10
0 12
0 13
0 30
0 45
0 47
0 51
1 5
1 13
1 18
1 25
1 29
1 30
1 33
1 36
1 37
2 1
2 6
2 12
2 13
2 16
2 18
2 20
2 33
2 39
2 51
3 1
3 13
3 14
3 26
3 29
3 33
3 34
3 38
3 48
4 16
4 21
4 22
4 33
4 39
5 5
5 14
5 19
5 29
5 31
5 34
5 36
5 38
5 39
5 44
5 49
5 50
6 7
6 10
6 16
6 25
6 32
6 39
6 44
6 50
7 1
7 4
7 20
7 21
7 22
7 23
7 33
7 35
7 37
7 42
7 49
8 2
8 4
8 5
8 17
8 28
8 30
8 35
8 47
8 51
9 1
9 10
9 11
9 12
9 13
9 15
9 18
9 23
9 26
9 30
9 32
9 36
9 51
10 5
10 9
10 21
10 26
10 34
10 41
10 44
10 46
10 48
10 51
11 1
11 2
11 5
11 14
11 18
11 19
11 20
11 22
11 23
11 30
11 34
11 35
11 36
11 38
11 48
11 49
12 2
12 8
12 15
12 16
12 25
12 27
12 28
12 35
12 36
12 41
12 42
12 43
12 46
12 49
12 51
13 7
13 10
13 16
13 28
13 30
13 32
13 41
13 42
14 7
14 11
14 12
14 25
14 27
14 30
14 33
14 43
14 45
14 46
14 48
15 1
15 4
15 5
15 8
15 10
15 11
15 21
15 23
16 1
16 4
16 6
16 10
16 17
16 28
16 30
16 33
16 34
16 42
17 2
17 10
17 12
17 14
17 15
17 18
17 29
17 34
17 40
17 45
18 3
18 4
18 5
18 21
18 25
18 30
18 32
18 43
18 46
18 51
19 1
19 4
19 7
19 8
19 9
19 11
19 15
19 16
19 20
19 23
19 27
19 31
19 32
19 36
19 38
19 48
19 50
20 0
20 2
20 4
20 8
20 12
20 14
20 20
20 30
20 32
20 33
20 51
21 3
21 6
21 15
21 20
21 21
21 24
21 25
21 26
21 30
22 6
22 7
22 9
22 11
22 15
22 17
22 21
22 24
22 43
22 49
22 50
23 2
23 3
23 5
23 8
23 10
23 11
23 16
23 19
23 21
23 22
23 31
23 34
24 8
24 9
24 12
24 13
24 24
24 27
24 35
24 41
24 43
24 48
25 0
25 4
25 8
25 13
25 19
25 20
25 28
25 29
25 31
25 37
25 38
25 40
25 43
25 44
25 45
25 50
26 1
26 3
26 17
26 20
26 21
26 24
26 26
26 32
26 37
26 38
26 44
26 46
26 49
26 50
27 3
27 15
27 17
27 18
27 24
27 25
27 26
27 29
27 33
27 37
27 46
27 50
27 51
28 4
28 5
28 18
28 24
28 25
28 33
29 0
29 10
29 17
29 19
29 22
29 25
29 27
29 32
29 36
29 38
29 45
29 50
30 12
30 14
30 16
30 17
30 19
30 27
30 42
30 48
31 3
31 14
31 15
31 17
31 18
31 26
31 27
31 40
31 42
31 45
31 48
31 49
32 3
32 8
32 13
32 14
32 15
32 16
32 18
32 19
32 24
32 26
32 48
32 50
33 3
33 9
33 15
33 21
33 25
33 28
33 31
33 37
33 38
33 42
33 43
34 11
34 29
34 32
35 0
35 4
35 6
35 17
35 23
35 25
35 30
35 34
35 35
35 40
35 41
35 43
35 44
36 1
36 5
36 6
36 8
36 15
36 18
36 21
36 23
36 33
36 36
36 42
36 47
37 9
37 12
37 35
37 37
37 41
37 44
37 45
37 49
37 50
38 0
38 5
38 14
38 20
38 25
38 33
38 38
38 43
38 50
39 6
39 26
39 29
39 33
39 40
39 47
39 48
40 2
40 6
40 10
40 24
40 30
40 37
40 39
40 43
40 44
40 50
41 0
41 9
41 10
41 12
41 16
41 17
41 26
41 27
41 31
41 38
41 41
42 0
42 1
42 8
42 11
42 14
42 18
42 31
42 32
42 38
42 40
42 49
43 3
43 6
43 13
43 17
43 18
43 24
43 35
43 37
43 38
43 48
43 51
44 0
44 8
44 11
44 20
44 27
44 30
44 31
44 33
44 40
44 46
44 47
44 49
45 2
45 4
45 6
45 9
45 16
45 17
45 18
45 23
45 24
45 30
45 32
45 36
45 37
45 38
45 49
46 8
46 9
46 10
46 16
46 27
46 35
46 43
46 46
47 5
47 12
47 20
47 25
47 34
47 43
47 44
48 11
48 17
48 22
48 23
48 28
48 33
48 38
48 49
49 6
49 7
49 8
49 11
49 22
49 25
49 28
49 45
49 48
50 1
50 5
50 9
50 11
50 24
50 27
50 37
50 38
50 41
50 42
50 45
50 51
51 10
51 11
51 16
51 17
51 19
51 39
51 40
51 47